1 1.7753872816937717 3.88599911
2 2.3882584318979148 1.0533519
3 2.9130877395254884 0.26585932
4 2.564615608406866 -2.08056307
5 2.0714172034549754 2.16641914
6 2.2950601382234592 -1.51385222
7 2.4842207601471107 4.39418605
8 2.1393970104891036 2.50970224
9 2.167131441480719 0.9714576
10 2.215657428851254 4.00624539
11 1.9954232322846193 4.34511994
12 1.6583355383493816 2.0373841
13 2.9773697919786466 5.7519027
14 2.425797679531925 -2.0570345848006766
15 2.756062835448636 1.32653229
16 2.7253917612640444 3.06508475
17 1.963709206108136 -1.93008765
18 2.032505985053824 0.07092312
19 2.91547594742265 -0.50308831
20 2.2725881643309163 0.06662655
21 2.827659855849776 5.07662818
22 0.6490506185220342 3.17869801
23 1.8521855359655799 2.20046278
24 2.7796660248807847 8.2645817
25 2.353065844732035 -1.28461672
26 2.0666723992419 0.0
27 2.476329408293836 -1.63423036
28 1.697762188795634 3.34750754
29 1.7082099029554902 2.44522253
30 1.7758512084421658 1.65831351
31 2.2853300742103313 2.60798796
32 2.039607805437114 1.84084661
33 2.3577903337090764 -1.92029973
34 1.712449229845012 1.17789979
35 1.6996839444075273 2.81137359
36 2.309365082072184 -1.58791446
37 2.3895691080793746 -0.94228357
38 1.983696246469793 1.74216601
39 1.7071768244335745 3.2467731
40 2.4717681808427376 5.56935651
41 1.9553847221876073 4.90790026
42 2.8678931436027084 5.54707765
43 2.042582035596458 1.07029811
44 2.509728776603179 -0.50768651
45 1.8559104692104011 3.88491912
46 2.1770622407271687 -2.52052919
47 2.786036259838723 0.84305255
48 2.760941138411556 6.19497007
49 2.1813675325968473 -3.04904414
50 2.8027179455017466 2.70552598
51 2.0941957257393393 -1.83272229
52 2.3880415426458868 -1.50743576
53 2.184491554776962 0.04397219
54 2.5692838520091783 2.99820468
55 2.2180626637221095 -0.3082107
56 2.226884907992019 -4.10476747
57 2.317917849421892 6.08226951
58 2.1841082206985956 1.09905512
59 2.622666272780122 0.40600748
60 2.0030932926880882 5.55791496
61 2.8063773659980242 6.58850715
62 1.3418093131663469 1.00112862
63 2.1447160968224073 2.75040076
64 2.568645196271742 4.53766938
65 2.1104542387877294 0.52720272
66 2.916947666823511 3.15335646
67 1.5439596741527404 4.19015413
69 2.2563819800961955 -1.89974078
70 1.873375585000036 -3.33742189
